13	0	3584	3584	3584	0
14	3584	3584	3584	3584	0
113	0	1792	1792	1792	0
114	1792	1792	1792	1792	0
1113	0	896	896	896	0
1114	896	896	896	896	0
11113	0	448	448	448	0
11114	448	448	448	448	0
11111	0	0	448	448	3	0	21	22
11112	448	0	448	448	2	0	21
1111	0	0	896	896	0
11123	896	448	448	448	0
11124	1344	448	448	448	0
11121	896	0	448	448	1	0
11122	1344	0	448	448	2	0	1
1112	896	0	896	896	0
111	0	0	1792	1792	0
1123	1792	896	896	896	0
1124	2688	896	896	896	0
11213	1792	448	448	448	0
11214	2240	448	448	448	0
11211	1792	0	448	448	1	1
11212	2240	0	448	448	1	1
1121	1792	0	896	896	0
11223	2688	448	448	448	0
11224	3136	448	448	448	0
11221	2688	0	448	448	3	1	8	9
11222	3136	0	448	448	3	1	7	8
1122	2688	0	896	896	0
112	1792	0	1792	1792	0
11	0	0	3584	3584	0
123	3584	1792	1792	1792	0
124	5376	1792	1792	1792	0
1213	3584	896	896	896	0
1214	4480	896	896	896	0
12113	3584	448	448	448	0
12114	4032	448	448	448	0
12111	3584	0	448	448	1	1
12112	4032	0	448	448	2	1	4
1211	3584	0	896	896	0
12123	4480	448	44