13	0	3584	3584	3584	0
14	3584	3584	3584	3584	0
113	0	1792	1792	1792	0
114	1792	1792	1792	1792	0
1113	0	896	896	896	0
1114	896	896	896	896	0
11113	0	448	448	448	0
11114	448	448	448	448	0
111113	0	224	224	224	1	0
111114	224	224	224	224	1	0
111111	0	0	224	224	0
111112	224	0	224	224	0
11111	0	0	448	448	0
111123	448	224	224	224	1	0
111124	672	224	224	224	1	0
111121	448	0	224	224	0
111122	672	0	224	224	0
11112	448	0	448	448	0
1111	0	0	896	896	0
11123	896	448	448	448	0
11124	1344	448	448	448	0
111213	896	224	224	224	1	0
111214	1120	224	224	224	1	0
111211	896	0	224	224	0
111212	1120	0	224	224	0
11121	896	0	448	448	0
111223	1344	224	224	224	2	0	1
111224	1568	224	224	224	1	1
111221	1344	0	224	224	0
111222	1568	0	224	224	0
11122	1344	0	448	448	0
1112	896	0	896	896	0
111	0	0	1792	1792	0
1123	1792	896	896	896	0
1124	2688	896	896	896	0
11213	1792	448	448	448	0
11214	2240	448	448	448	0
112113	1792	224	224	224	1	1
112114	2016	224	224	224	1	1
112111	1792	0	224	224	0
112112	2016	0	224	224	0
11211	1792	0	448	448	0
112123	2240	224	224	224	1	1
112124	2464	224	224	224	1	1
112121	2240	0	224	224	0
112122	2464	0	224	224	0
11212	2240	0	448	448	0
1121	1792	0	896	896	0
11223	2688	448	448	448	0
11224	3136	448	448	448	0
112213	2688	224	224	224	2	1	3
112214	2912	224	224	224	3	1	3	4
112211	2688	0	224	224	0
112212	2912	0	224	224	0
11221	2688	0	448	448	0
112223	3136	224	224	224	2	1	4
112224	3360	224	224	224	2	1	5
112221	3136	0	224	224	0
112222	3360	0	224	224	0
11222	3136	0	448	448	0
1122	2688	0	896	896	0
112	1792	0	1792	1792	0
11	0	0	3584	3584	0
123	3584	1792	1792	1792	0
124	5376	1792	1792	1792	0
1213	3584	896	896	896	0
1214	4480	896	896	896	0
12113	3584	448	448	448	0
12114	4032	448	448	448	0
121113	3584	224	224	224	1	1
121114	3808	224	224	224	1	1
121111	3584	0	224	224	0
121112	3808	0	224	224	0
12111	3584	0	448	448	0
121123	4032	224	224	224	1	1
121124	4256	224	224	224	2	1	6
121121	4032	0	224	224	0
121122	4256	0	224	224	0
12112	4032	0	448	448	0
1211	3584	0	896	896	0
12